Mixture	B cells naive	B cells memory	Plasma cells	T cells CD8	T cells CD4 naive	T cells CD4 memory resting	T cells CD4 memory activated	T cells follicular helper	T cells regulatory (Tregs)	T cells gamma delta	NK cells resting	NK cells activated	Monocytes	Macrophages M0	Macrophages M1	Macrophages M2	Dendritic cells resting	Dendritic cells activated	Mast cells resting	Mast cells activated	Eosinophils	Neutrophils	P-value	Correlation	RMSE
G01A	0.0499484568802703	0	0	0.0647442317795809	0	0.193958860401795	0.0455785002740479	0	0.109691869211678	0	0.128284619040415	0	0.0363112720271017	0.126818047098354	0.0299447869408287	0.067715997140504	0	0.0314914489281013	0	0.0442005858695373	0.0296470672360963	0.0416642571716897	0	0.45102446710961	0.89162843696484
G02A	0.127021638577797	0	0	0.0542681477135484	0	0.130059803848779	0.0331679995520194	0	0.0668900716921549	0	0.0519243360431948	0	0.0822626837197585	0.0919995629760182	0.0214400477364407	0.10178109124097	0	0	0.11483883934029	0	0	0.12434577755903	0	0.66104214653403	0.788558701125688
G04A	0.0396855926276567	0.0334770193336615	0.0364123014831652	0.0411036464773701	0	0.35214405488942	0.0552140994751463	0	0.0353544023057773	0	0.125212870350707	0	0.0312429187660992	0.0486005333043633	0.0223573160983128	0.084963173488131	0.00789336345917899	0.0216712749386803	0	0.0434568971325588	0.00339045871615033	0.0178200771536211	0	0.641721155150338	0.788052543143105
G06A	0.030169318967813	0	0.00759564774037197	0.0860200141783071	0	0.217145573044499	0.0596736755011791	0	0.0149525528921714	0	0.0826704025308615	0	0.0629174894685489	0.100679909275226	0.00668481652026749	0.101687917665461	0	0.00714177495506098	0	0.10998199545246	0	0.112678911807772	0	0.495873671314526	0.868434518256197
G07A	0.0325708781057796	0	0	0	0	0.0624105299811893	0	0.00375429199666757	0.0195864427317517	0	0.044043678923108	0	0.0952523606364662	0.04887989179192	4.71786392188841e-05	0.0121354607893548	0	0.00619196416016177	0	0.241350749736391	0	0.433776572507991	0	0.723177856333127	0.69237580917868
G08A	0.0253220061690298	0.00328466807336742	0.00097509667016659	0.120406230901273	0	0.137196039787236	0.0303989130793547	0	0.0565665304334881	0	0.102383811949214	0	0.125602921122491	0.0269441019092936	0.0175471324727182	0.208625157217559	0.00563333849735462	0.00123481223717045	0.0665777135121581	0.0261797824285069	0	0.0451217435396181	0	0.470054539092452	0.882766672417698
G09A	0.0746688075858676	0	0	0.0415277497664111	0	0.115842634125199	0	0.0571452819579532	0.0923010828224286	0.044790319323914	0.0570126253073885	0.0276369835288503	0.0825733034612155	0.0308868231059348	0.0248308006011496	0.16295846527368	0.0142466885284151	0.00551996481432109	0.119367125027561	0	0.00890932645139502	0.039782018318315	0	0.577529809178382	0.832316723734948
G10A	0.0446205681611135	0	0.000153444248806339	0.157917575884717	0	0.202643630421915	0.077441755104692	0.0166600974941167	0.117910223602494	0	0.100951003409744	0	0.0419165795855535	0.0743934962475764	0.022199662455449	0.0774317355868261	0	0.0183077447682955	0.0165600634439427	0.0112966106825503	0.00694612531628423	0.0126496835859243	0	0.645400204999285	0.779372438660284
G11A	0.030741654535273	0	0	0.0336064837916244	0	0.213464312008452	0.0335011642123597	0	0.0364799535972424	0	0.0566719004976471	0	0.0758151968970216	0.103103303627505	0.0159785307210683	0.124392126132268	0	0.00553558981304259	0	0.151194243672562	0	0.119515540493934	0	0.684989758085977	0.761015051299742
G12A	0.0387368819784954	0	0	0.126683558883363	0	0.145001104512474	0.115663386863477	0.00783481648095753	0.071835033589813	0	0.0652919420324251	0	0.0491383537230726	0.0730138418021562	0.0275483063375373	0.0817283721794665	0	0.0693577396630336	0.0623344767909807	0.0233824696070101	0.0136214480816431	0.0288282674740953	0	0.428104910687279	0.902907743638716
G13A	0.0225780734249698	0.00832691182053145	0	0.0737301248348664	0	0.230966003414059	0.0482924581862191	0.0180878289851954	0.0814577456461833	0	0.0568740610738776	0	0.0657958700826225	0.0896242548165977	0.0738154846590324	0.172962659470095	0.0079933677636696	0.00503683865576043	0.0339118432012405	0	0	0.0105464739650795	0	0.526397500255879	0.854108363288034
G14A	0.0125649150951333	0	0	0.0627552009987731	0	0.198705860068914	0.0546870812762245	0	0.0171395394297193	0	0.0723748203416018	0	0.045332044675931	0.0338668300306719	0	0.0610725709872728	0	0.034636104156937	0.00308295451039908	0.0612581085477084	0.00412187838254585	0.338402091498168	0	0.674762782133452	0.745223689005441
G16A	0.0122004425454315	0	0	0.120901380083909	0	0.0575616810532282	0.0766613988491252	0	0.0994986704781052	0	0.0280274055589314	0	0.0199252080322681	0.13202102979081	0.0177392273186089	0.288879837174452	0.00835227618644481	0.0110672710129023	0.0866006405722147	0	0.00433838213599426	0.0362251492075757	0	0.560086924434394	0.83786617229562
G18A	0.00697527384889973	0	0.00134224978638201	0.0273090846888682	0	0.116925598349063	0.0448634581402546	0	0.0207102286979156	0	0.0401051401091787	0	0.112368414462487	0.412643247206814	0	0.153267907228283	0.00340253912131674	0.00632043615689592	0.0490506742318951	0	0	0.00471574797174696	0	0.77643087973737	0.672738686827024
G19A	0.0211912122896665	0.00334398792789269	0	0.0421884709226108	0	0.210144411859579	0.0463059383111972	0	0.0206310065452849	0	0.062380480456402	0	0.171739994252357	0.091914627672709	0.023386992925954	0.124586852160612	0	0.00229665951740128	0.0745761867486828	0	0	0.105313178409651	0.002	0.353413567213217	0.938257415389655
G21A	0.0286482928120142	0	0	0	0	0.0641524732750125	0.0014564286501756	0.00393723605340153	0.0246361491716489	0	0.0326107371130516	0	0.0948983809831996	0.0649149966674441	0	0.0578739195293208	0	0	0	0.058709870056116	0	0.568161515688615	0	0.802226353640597	0.600511074349084
G22A	0.0258903855534714	0	0	0.0118138325751094	0	0.0808524780240202	0.0303875299683499	0	0.0281895427954429	0	0.0405075286000462	0	0.174299728745837	0.0819457702779762	0	0.0483171524866658	0	0.0129751826366359	0	0.0571616046797505	0	0.407659263656695	0	0.747566292005813	0.668284616096755
G24A	0.0408029891264159	0	0	0	0	0.092354794293006	0.0270071675974357	0	0.0162941067090547	0	0.0746242709296457	0	0.053397168968109	0.212937703585732	0.0075244565139619	0.108524741879534	0	0	0.0121399138962034	0.034930104428868	0	0.319462582072034	0	0.744240008410978	0.683462658801388
G25A	0.0407278714484478	0.00268195133176811	0	0.0154625005906411	0	0.206474423216828	0.0218165028927684	0.00621402034618548	0.0320002201804942	0	0.0771980107500156	0	0.0419912854195013	0.126147769368967	0.0152356040457681	0.240401876999359	0.00992605307273977	0	0.129576483310757	0.00246603031091767	0	0.0316793967148422	0	0.616611806071418	0.811362229985932
G29A	0.0370228730172854	0	0	0.0670929380462928	0	0.109867237600018	0.0260318411802138	0.00193703048052045	0.049877752259123	0	0.0401571995222784	0	0.0670763996708883	0.0406611066553073	0.0145435790935173	0.0890616752385793	0	0.00257421553699962	0.120580996546125	0.0321639225827846	0	0.301351232570067	0	0.756493145448808	0.690364910656827
G32A	0.0148320881827439	0	0.0056581655590381	0	0.0307767133685282	0.10607399456693	0.0390285550964506	0	0	0	0.0958597749670618	0	0.0734343719975446	0.0299025697434043	0	0.0493774481544732	0.00170051764982566	0.0213631889380616	0	0.0629535322526804	0.0249558359772868	0.44408324354597	0	0.64682958869433	0.764213934084136
G33A	0.0466180644363804	0	0	0.00302683545365044	0	0.201507386196567	0.00772157515755844	0	0.0354239108791853	0.00781584809739459	0.0587331001743208	0	0.111576474984979	0.000356851962790496	0.0410691605586397	0.236004059905687	0.0110719154154404	0	0.0683926553371136	0.0218095199935765	0	0.148872641446717	0.004	0.320755936699549	0.954300717411619
G34A	0.0444279393882214	0.0307881911555331	0	0.0755426142494884	0	0.298837581745841	0.0400200805972096	0	0.0664787078680499	0	0.0570262265978316	0	0.0420118479391543	0.050898499638814	0.0633364079435224	0.10686438293697	0.00264553953762267	0.0036374374995374	0.089527201384224	0	0	0.0279573415179808	0	0.589587754151716	0.821177359640612
G35A	0.0257034921237842	0	0	0.0545232395897384	0	0.161726953275915	0.0329416340802904	0	0.0047190633838773	0	0.0474587159894881	0	0.109542141058597	0.0358865032793807	0.00635465571435538	0.145706048608358	0	0.0283414565218647	0.0376472854822429	0.0896378236600708	0	0.219810987232037	0	0.71005608326981	0.736346489997781
G36A	0.0114273796094241	0.0139671303617168	0	0.00606912154074499	0	0.217827823864375	0.0430929210677412	0	0.0788748797632277	0	0.0774942438535875	0	0.110745228960748	0.114786033200035	0.0311088262925183	0.16527608097702	0	0.0388184319716142	0.0553148031397226	0	0.00307808120337559	0.0321190141941501	0	0.575402508899766	0.832973072025051
G40A	0.0349147077266398	0	0	0.0198661018268741	0.00338248237235552	0.0210099363886668	0.0339058817609387	0.00571352002852926	0.0281035234455927	0	0.0880633177116223	0	0.0524798325125191	0.084565594644796	0.00494642078335977	0.0256118762797278	0	0.00277179518178682	0	0.0620157600801586	0.00258504453365301	0.53006420472278	0	0.821694820158208	0.575910955297922
G41A	0.0169129091530172	0	0.00398862629870813	0.01137720799291	0	0.152387846184367	0.0442653235727778	0	0.0575037747740585	0	0.0305364922272943	0.0234654698256436	0.0864510631425953	0.156278708478295	0.022917690786877	0.0986537138528675	0	0.0234056855249883	0.0342149786962929	0.0142272918918265	0	0.223413217597481	0	0.758040945288992	0.700662284099726
G42A	0.0706777447881646	0	0	0	0.00327174708753948	0.0178114945790643	0.0112362399941388	0	0.0139926101135756	0.0121043521360171	0.0656102998132305	0	0.183530073282621	0.0974747426653626	0.00134107539823864	0	0	0	0.00352134295965837	0.0158354560489418	0.0250406054822998	0.478552215651148	0	0.71003020452275	0.70761249140738
G45A	0.0190353661952665	0	0	0	0	0.100329436024426	0.0268157057333895	0	0.0130908311094289	0	0.0650409123947229	0	0.0365205893361166	0.0667538832920326	0.016375655305487	0.157218449656452	0	0	0.0786573279950571	0.0176518927461332	0	0.402509950211487	0	0.780407701348638	0.643777025293738
G46A	0.0301699018943719	0.0234022210199129	0	0.048206370385946	0	0.110568258392413	0.0179454100953452	0	0.0386094787483675	0	0.0593499764511106	0	0.0172898897466573	0.0421367543871706	0.0101231067929991	0.270432338144576	0	0.00393496486433273	0.0988298347474552	0.0213146757689346	0	0.207686818560407	0	0.709665234235225	0.743709577161334
G47A	0.0155231427431555	0	0	0.00365410085338363	0	0.0142849013124853	0.0303902326020392	0.00475885403133561	0.00713522495193585	0	0.0108705056285806	0	0	0.0582440027849035	0	0.0433368422430133	0	0.00418612375733617	0.0766983632548734	0	0.00725534040041464	0.723662365436543	0	0.895943748004564	0.456200025639992
G48A	0.0470761278980556	0.0128882289633489	0	0.0877559521106924	0	0.204088351264531	0.0784626615996302	0	0.0673159478867647	0	0.104630466079764	0	0.0172345835009827	0.0943473103261732	0.0170082999715101	0.107830687359138	0	0	0.0280071141729329	0.0698115851329123	0	0.0635426837335648	0	0.662939970078219	0.778538963495448
G50A	0.014232490009588	0.010208921993439	0	0.0588664892333456	0	0.126055163627583	0.0584349127007168	0	0.0143926030515007	0	0.0498907271933885	0	0.0879334296344294	0.0134965561497697	0.00745865758710708	0.203398556665256	0	0.000907022649902966	0.0267737689366268	0.126006736164658	0	0.201943964402688	0	0.606175405618082	0.803202447234193
L01A	0.0181376669118085	0.0113174413197401	0.00143895709222134	0.0312571960486495	0	0.269598552093661	0.0262162331207115	0	0.0364989267340775	0	0.0591130948872565	0	0.0335218170234887	0.00242263006278868	0.00258408379893599	0.217007640083441	0.00311131425063623	0.0101639764270625	0.0845569034258804	0	0	0.193053566719641	0	0.630139422648101	0.793452799865702
L02A	0.0353902480992884	0.00553121707394895	0.0240502315723842	0.0711246440009109	0	0.214573820685586	0.0662721432921862	0.00775585037633585	0.0311439734679549	0.00494542082497977	0.0497207147431094	0	0.029696018668208	0.0688695562920279	0.0243485920533685	0.170394715262555	0.0452658292474144	0.0157489997959317	0.080465902538824	0.0254714934867725	0.0106196867023378	0.0186109418158761	0	0.592812862413729	0.828536102893278
L03A	0.15250266331514	0.047907867241897	0	0.132367213654559	0	0.18089406078842	0.0647493438758539	0.02917539432889	0.0788736589395511	0	0.0478368762530466	0	0	0.0477850636953203	0.0580105375970628	0.123996703909731	0	0	0.02947049642978	0	0	0.00643011997074814	0	0.75863935630137	0.720240594469136
L04A	0.0153270172242723	0.011821892596017	0.013900008848308	0.0845540931926831	0	0.179240334381537	0.0181225602531941	0.0123602272701056	0.0955969285233775	0	0.00380489949745549	0.048514707562401	0.0430773403516105	0.0853281535602568	0.0688225408145418	0.210046605997382	0.0327374225819569	0.0076745700030173	0.0527625438533153	0	0.00874313097348477	0.00756502251508321	0.01	0.262959862917574	0.977690430189848
